s a g h
S V A S
m S S M
M c v A
C a s H
h c s s
G s C m
V H S v
s0 a0 g0 h0
S0 e0 A0 e0
m0 S1 S1 e0
M0 e0 e0 M1
C0 a0 v1 e0
h0 c0 s0 s0
G0 s0 C0 m1
V0 H1 S0 v0
RED
RED
6
21
0 0 0 0 0 1 1
0 1 0 1 1 1 0
1 -1 -1 3 2 -1 -1 -1 -1 -1 -1 -1
1 -1 -1 2 2 -1 -1 -1 -1 -1 -1 -1
1 -1 -1 2 3 -1 -1 -1 -1 -1 -1 -1
1 -1 -1 3 3 -1 -1 -1 -1 -1 -1 -1
1 -1 -1 2 1 -1 -1 -1 -1 -1 -1 -1
1 -1 -1 6 3 -1 -1 -1 -1 -1 -1 -1
1 -1 -1 3 1 -1 -1 -1 -1 -1 -1 -1
1 -1 -1 7 1 -1 -1 -1 -1 -1 -1 -1
1 -1 -1 4 2 -1 -1 -1 -1 -1 -1 -1
2 6 1 3 1 3 0 1 1 1 1 3
1 -1 -1 4 3 -1 -1 -1 -1 -1 -1 -1
2 6 1 1 1 5 0 1 3 1 1 5
2 4 0 4 3 5 1 4 2 0 0 5
2 6 1 1 3 1 0 3 3 0 1 1
2 2 0 2 3 6 1 3 3 0 0 6
2 3 1 3 2 4 0 4 2 0 1 4
